0 0 0 0 
0 0 0 0 
0 0 0 0 
0 0 0 0 
3568 3568 0 2238 
11075 11075 0 5860 
18337 18337 0 10813 
30855 30855 0 15103 
41214 41214 0 20998 
61825 61825 0 30561 
73132 73132 0 36697 
102137 102137 0 50624 
149925 223948 2974 118228 
156634 239544 8439 122699 
159042 266244 13112 140553 
142941 293610 24212 158102 
126103 317955 35301 172645 
125448 349751 42409 183685 
57884 200955 100471 343293 
45744 194478 148525 362794 
70997 313446 433868 561683 
0 153472 228862 228862 
0 0 0 0 
0 0 0 0 
4773 4773 0 2899 
13204 13204 0 6954 
20279 20279 0 11478 
31759 31759 0 17402 
35975 35975 0 19850 
53465 53465 0 25932 
68114 68114 0 32257 
82213 82213 0 38071 
129978 188191 11417 99920 
147554 231036 21287 120452 
139808 241500 28150 124978 
128543 269884 45827 145431 
120173 286472 57115 158963 
56278 168672 123233 310113 
43843 167220 163355 310095 
37148 171642 210712 305623 
80324 288273 430907 518475 
0 128001 187853 187853 
0 0 0 0 
0 0 0 0 
4132 4132 0 1402 
11329 11329 0 5765 
22103 22103 0 12568 
33443 33443 0 18553 
38417 38417 0 22355 
54999 54999 0 27875 
67802 67802 0 34646 
84422 84422 0 43655 
149470 207936 4499 104270 
127669 191043 15037 97749 
139332 236672 25570 122776 
123785 257915 39874 135216 
111502 270549 62319 171173 
49507 152183 122675 292541 
43562 160700 163699 298700 
37269 167037 207397 295940 
68553 252866 387304 458110 
0 120843 171808 171808 
0 0 0 0 
0 0 0 0 
4164 4164 0 2707 
10583 10583 0 4222 
15264 15264 0 7957 
36989 36989 0 19320 
44540 44540 0 24105 
57016 57016 0 30733 
75797 75797 0 37023 
89566 89566 0 44075 
146175 201373 3941 104109 
152074 219117 7961 111400 
122250 205885 24840 113619 
135265 271412 41192 141849 
115240 278250 53838 146326 
50675 153908 137055 299342 
45332 161336 160861 304104 
33517 157906 196537 284770 
69155 255438 372431 449127 
0 125926 181436 181436 
0 0 0 0 
0 0 0 0 
2337 2337 0 1201 
8208 8208 0 3914 
15111 15111 0 7515 
23867 23867 0 12385 
37827 37827 0 19316 
57070 57070 0 29935 
71725 71725 0 35781 
87731 87731 0 43357 
140531 197537 5876 100310 
146070 214939 9558 111404 
155497 244042 15553 130753 
127315 245998 42737 130349 
111581 260369 55150 143163 
54085 153343 133585 299986 
44053 161372 174625 307488 
33201 160824 203773 292867 
69418 249682 380930 465102 
0 120475 173968 173968 
0 0 0 0 
0 0 0 0 
2701 2701 0 1162 
7367 7367 0 4105 
13179 13179 0 5816 
24314 24314 0 10479 
34607 34607 0 17375 
55243 55243 0 26547 
62712 62712 0 31802 
86443 86443 0 40064 
150255 201418 4519 100959 
154642 219834 8414 111939 
149469 236421 14500 120265 
143928 284692 25976 148085 
109474 253686 58141 136470 
53382 149480 134052 296751 
43538 157242 168345 304041 
36145 164801 209473 302294 
72873 261233 391757 470986 
0 125282 185929 185929 
0 0 0 0 
0 0 0 0 
3703 3703 0 1699 
8439 8439 0 4228 
16937 16937 0 7901 
24727 24727 0 11703 
31051 31051 0 14554 
45693 45693 0 24298 
65177 65177 0 31730 
85161 85161 0 38451 
145149 190252 5081 96507 
154617 219583 10130 112392 
161356 253488 14271 128262 
151970 288903 24795 151601 
127589 304781 37271 161126 
51890 142183 129180 271635 
46278 155699 163568 292247 
34541 155679 201464 285746 
68172 254281 394064 465989 
0 130939 197248 197248 
0 0 0 0 
0 0 0 0 
3469 3469 0 1471 
10573 10573 0 5286 
15836 15836 0 7511 
26808 26808 0 12425 
36188 36188 0 17941 
54991 54991 0 24753 
63672 63672 0 30021 
91054 91054 0 42904 
151146 201009 6059 100232 
159829 225954 10400 117953 
171446 254840 12700 131324 
155492 307048 25582 161159 
129458 331842 35825 173422 
117273 341192 48965 178097 
44210 152728 172343 298179 
41906 166073 220364 312507 
71831 260683 396567 486475 
0 133481 209385 209385 
0 0 0 0 
0 0 0 0 
4592 4592 0 2567 
10180 10180 0 4815 
16376 16376 0 8200 
27445 27445 0 12906 
41857 41857 0 19985 
58176 58176 0 29915 
74015 74015 0 35191 
102367 102367 0 50236 
158310 209108 4052 105554 
171887 235916 7961 119940 
178871 274295 16098 140369 
161013 311523 24593 168403 
140862 344422 37285 182680 
133165 376582 47000 189161 
56271 195076 123865 373222 
40907 172943 238144 325133 
72265 263581 417463 502279 
0 141522 219315 219315 
0 0 0 0 
0 0 0 0 
17792 17792 0 7237 
55619 55619 0 26470 
82296 82296 0 37960 
139681 139681 0 65058 
186136 186136 0 86841 
273271 273271 0 129891 
351547 351547 0 169801 
444515 444515 0 215871 
733099 955060 23851 487743 
769168 1061765 39836 554914 
778396 1155295 71193 610676 
736474 1322525 100001 694946 
628505 1402139 136379 738694 
601332 1557116 188602 827698 
261807 860304 488526 1602330 
219047 863075 671033 1586132 
334361 1201064 1794643 2178747 
0 630524 953043 953043 
0 0 0 0 
0 0 0 0 
0 0 0 0 
0 0 0 0 
0 0 0 0 
0 0 0 0 
0 0 0 0 
0 0 0 0 
0 0 0 0 
